
TIME    TEMP   VCCINT   VCCBRAM   VCCAUX   VP     VN    VAUXP[0]   VAUXN[0]   VAUXP[1]   VAUXN[1]   VAUXP[2]   VAUXN[2]   VAUXP[3]   VAUXN[3]   VAUXP[4]   VAUXN[4]   VAUXP[5]   VAUXN[5]   VAUXP[6]   VAUXN[6]   VAUXP[7]   VAUXN[7]   VAUXP[8]   VAUXN[8]   VAUXP[9]   VAUXN[9]   VAUXP[10]   VAUXN[10]   VAUXP[11]   VAUXN[11]   VAUXP[12]   VAUXN[12]   VAUXP[13]   VAUXN[13]   VAUXP[14]   VAUXN[14]   VAUXP[15]   VAUXN[15]
0 63.0  1.02  1.02  1.8  0.50  0.0  0.50  0  0.50  0  0.50  0  0.50  0  0.50  0  0.50  0  0.50  0  0.50  0  0.50  0  0.50  0  0.50  0  0.50  0  0.50  0  0.50  0  0.50  0  0.50  0 //
1000 63.0  1.02  1.02  1.8  0.53  0.0  0.53  0  0.53  0  0.53  0  0.53  0  0.53  0  0.53  0  0.53  0  0.53  0  0.53  0  0.53  0  0.53  0  0.53  0  0.53  0  0.53  0  0.53  0  0.53  0 //
2000 63.0  1.02  1.02  1.8  0.56  0.0  0.56  0  0.56  0  0.56  0  0.56  0  0.56  0  0.56  0  0.56  0  0.56  0  0.56  0  0.56  0  0.56  0  0.56  0  0.56  0  0.56  0  0.56  0  0.56  0 //
3000 63.0  1.02  1.02  1.8  0.58  0.0  0.58  0  0.58  0  0.58  0  0.58  0  0.58  0  0.58  0  0.58  0  0.58  0  0.58  0  0.58  0  0.58  0  0.58  0  0.58  0  0.58  0  0.58  0  0.58  0 //
4000 63.0  1.02  1.02  1.8  0.61  0.0  0.61  0  0.61  0  0.61  0  0.61  0  0.61  0  0.61  0  0.61  0  0.61  0  0.61  0  0.61  0  0.61  0  0.61  0  0.61  0  0.61  0  0.61  0  0.61  0 //
5000 63.0  1.02  1.02  1.8  0.64  0.0  0.64  0  0.64  0  0.64  0  0.64  0  0.64  0  0.64  0  0.64  0  0.64  0  0.64  0  0.64  0  0.64  0  0.64  0  0.64  0  0.64  0  0.64  0  0.64  0 //
6000 63.0  1.02  1.02  1.8  0.67  0.0  0.67  0  0.67  0  0.67  0  0.67  0  0.67  0  0.67  0  0.67  0  0.67  0  0.67  0  0.67  0  0.67  0  0.67  0  0.67  0  0.67  0  0.67  0  0.67  0 //
7000 63.0  1.02  1.02  1.8  0.70  0.0  0.70  0  0.70  0  0.70  0  0.70  0  0.70  0  0.70  0  0.70  0  0.70  0  0.70  0  0.70  0  0.70  0  0.70  0  0.70  0  0.70  0  0.70  0  0.70  0 //
8000 63.0  1.02  1.02  1.8  0.72  0.0  0.72  0  0.72  0  0.72  0  0.72  0  0.72  0  0.72  0  0.72  0  0.72  0  0.72  0  0.72  0  0.72  0  0.72  0  0.72  0  0.72  0  0.72  0  0.72  0 //
9000 63.0  1.02  1.02  1.8  0.75  0.0  0.75  0  0.75  0  0.75  0  0.75  0  0.75  0  0.75  0  0.75  0  0.75  0  0.75  0  0.75  0  0.75  0  0.75  0  0.75  0  0.75  0  0.75  0  0.75  0 //
10000 63.0  1.02  1.02  1.8  0.78  0.0  0.78  0  0.78  0  0.78  0  0.78  0  0.78  0  0.78  0  0.78  0  0.78  0  0.78  0  0.78  0  0.78  0  0.78  0  0.78  0  0.78  0  0.78  0  0.78  0 //
11000 63.0  1.02  1.02  1.8  0.81  0.0  0.81  0  0.81  0  0.81  0  0.81  0  0.81  0  0.81  0  0.81  0  0.81  0  0.81  0  0.81  0  0.81  0  0.81  0  0.81  0  0.81  0  0.81  0  0.81  0 //
12000 63.0  1.02  1.02  1.8  0.84  0.0  0.84  0  0.84  0  0.84  0  0.84  0  0.84  0  0.84  0  0.84  0  0.84  0  0.84  0  0.84  0  0.84  0  0.84  0  0.84  0  0.84  0  0.84  0  0.84  0 //
13000 63.0  1.02  1.02  1.8  0.86  0.0  0.86  0  0.86  0  0.86  0  0.86  0  0.86  0  0.86  0  0.86  0  0.86  0  0.86  0  0.86  0  0.86  0  0.86  0  0.86  0  0.86  0  0.86  0  0.86  0 //
14000 63.0  1.02  1.02  1.8  0.89  0.0  0.89  0  0.89  0  0.89  0  0.89  0  0.89  0  0.89  0  0.89  0  0.89  0  0.89  0  0.89  0  0.89  0  0.89  0  0.89  0  0.89  0  0.89  0  0.89  0 //
15000 63.0  1.02  1.02  1.8  0.92  0.0  0.92  0  0.92  0  0.92  0  0.92  0  0.92  0  0.92  0  0.92  0  0.92  0  0.92  0  0.92  0  0.92  0  0.92  0  0.92  0  0.92  0  0.92  0  0.92  0 //
16000 63.0  1.02  1.02  1.8  0.95  0.0  0.95  0  0.95  0  0.95  0  0.95  0  0.95  0  0.95  0  0.95  0  0.95  0  0.95  0  0.95  0  0.95  0  0.95  0  0.95  0  0.95  0  0.95  0  0.95  0 //
17000 63.0  1.02  1.02  1.8  0.98  0.0  0.98  0  0.98  0  0.98  0  0.98  0  0.98  0  0.98  0  0.98  0  0.98  0  0.98  0  0.98  0  0.98  0  0.98  0  0.98  0  0.98  0  0.98  0  0.98  0 //
18000 63.0  1.02  1.02  1.8  1.00  0.0  1.00  0  1.00  0  1.00  0  1.00  0  1.00  0  1.00  0  1.00  0  1.00  0  1.00  0  1.00  0  1.00  0  1.00  0  1.00  0  1.00  0  1.00  0  1.00  0 //
19000 63.0  1.02  1.02  1.8  0.97  0.0  0.97  0  0.97  0  0.97  0  0.97  0  0.97  0  0.97  0  0.97  0  0.97  0  0.97  0  0.97  0  0.97  0  0.97  0  0.97  0  0.97  0  0.97  0  0.97  0 //
20000 63.0  1.02  1.02  1.8  0.94  0.0  0.94  0  0.94  0  0.94  0  0.94  0  0.94  0  0.94  0  0.94  0  0.94  0  0.94  0  0.94  0  0.94  0  0.94  0  0.94  0  0.94  0  0.94  0  0.94  0 //
21000 63.0  1.02  1.02  1.8  0.91  0.0  0.91  0  0.91  0  0.91  0  0.91  0  0.91  0  0.91  0  0.91  0  0.91  0  0.91  0  0.91  0  0.91  0  0.91  0  0.91  0  0.91  0  0.91  0  0.91  0 //
22000 63.0  1.02  1.02  1.8  0.88  0.0  0.88  0  0.88  0  0.88  0  0.88  0  0.88  0  0.88  0  0.88  0  0.88  0  0.88  0  0.88  0  0.88  0  0.88  0  0.88  0  0.88  0  0.88  0  0.88  0 //
23000 63.0  1.02  1.02  1.8  0.86  0.0  0.86  0  0.86  0  0.86  0  0.86  0  0.86  0  0.86  0  0.86  0  0.86  0  0.86  0  0.86  0  0.86  0  0.86  0  0.86  0  0.86  0  0.86  0  0.86  0 //
24000 63.0  1.02  1.02  1.8  0.83  0.0  0.83  0  0.83  0  0.83  0  0.83  0  0.83  0  0.83  0  0.83  0  0.83  0  0.83  0  0.83  0  0.83  0  0.83  0  0.83  0  0.83  0  0.83  0  0.83  0 //
25000 63.0  1.02  1.02  1.8  0.80  0.0  0.80  0  0.80  0  0.80  0  0.80  0  0.80  0  0.80  0  0.80  0  0.80  0  0.80  0  0.80  0  0.80  0  0.80  0  0.80  0  0.80  0  0.80  0  0.80  0 //
26000 63.0  1.02  1.02  1.8  0.77  0.0  0.77  0  0.77  0  0.77  0  0.77  0  0.77  0  0.77  0  0.77  0  0.77  0  0.77  0  0.77  0  0.77  0  0.77  0  0.77  0  0.77  0  0.77  0  0.77  0 //
27000 63.0  1.02  1.02  1.8  0.74  0.0  0.74  0  0.74  0  0.74  0  0.74  0  0.74  0  0.74  0  0.74  0  0.74  0  0.74  0  0.74  0  0.74  0  0.74  0  0.74  0  0.74  0  0.74  0  0.74  0 //
28000 63.0  1.02  1.02  1.8  0.72  0.0  0.72  0  0.72  0  0.72  0  0.72  0  0.72  0  0.72  0  0.72  0  0.72  0  0.72  0  0.72  0  0.72  0  0.72  0  0.72  0  0.72  0  0.72  0  0.72  0 //
29000 63.0  1.02  1.02  1.8  0.69  0.0  0.69  0  0.69  0  0.69  0  0.69  0  0.69  0  0.69  0  0.69  0  0.69  0  0.69  0  0.69  0  0.69  0  0.69  0  0.69  0  0.69  0  0.69  0  0.69  0 //
30000 63.0  1.02  1.02  1.8  0.66  0.0  0.66  0  0.66  0  0.66  0  0.66  0  0.66  0  0.66  0  0.66  0  0.66  0  0.66  0  0.66  0  0.66  0  0.66  0  0.66  0  0.66  0  0.66  0  0.66  0 //
31000 63.0  1.02  1.02  1.8  0.63  0.0  0.63  0  0.63  0  0.63  0  0.63  0  0.63  0  0.63  0  0.63  0  0.63  0  0.63  0  0.63  0  0.63  0  0.63  0  0.63  0  0.63  0  0.63  0  0.63  0 //
32000 63.0  1.02  1.02  1.8  0.60  0.0  0.60  0  0.60  0  0.60  0  0.60  0  0.60  0  0.60  0  0.60  0  0.60  0  0.60  0  0.60  0  0.60  0  0.60  0  0.60  0  0.60  0  0.60  0  0.60  0 //
33000 63.0  1.02  1.02  1.8  0.58  0.0  0.58  0  0.58  0  0.58  0  0.58  0  0.58  0  0.58  0  0.58  0  0.58  0  0.58  0  0.58  0  0.58  0  0.58  0  0.58  0  0.58  0  0.58  0  0.58  0 //
34000 63.0  1.02  1.02  1.8  0.55  0.0  0.55  0  0.55  0  0.55  0  0.55  0  0.55  0  0.55  0  0.55  0  0.55  0  0.55  0  0.55  0  0.55  0  0.55  0  0.55  0  0.55  0  0.55  0  0.55  0 //
35000 63.0  1.02  1.02  1.8  0.52  0.0  0.52  0  0.52  0  0.52  0  0.52  0  0.52  0  0.52  0  0.52  0  0.52  0  0.52  0  0.52  0  0.52  0  0.52  0  0.52  0  0.52  0  0.52  0  0.52  0 //
36000 63.0  1.02  1.02  1.8  0.49  0.0  0.49  0  0.49  0  0.49  0  0.49  0  0.49  0  0.49  0  0.49  0  0.49  0  0.49  0  0.49  0  0.49  0  0.49  0  0.49  0  0.49  0  0.49  0  0.49  0 //
37000 63.0  1.02  1.02  1.8  0.46  0.0  0.46  0  0.46  0  0.46  0  0.46  0  0.46  0  0.46  0  0.46  0  0.46  0  0.46  0  0.46  0  0.46  0  0.46  0  0.46  0  0.46  0  0.46  0  0.46  0 //
38000 63.0  1.02  1.02  1.8  0.44  0.0  0.44  0  0.44  0  0.44  0  0.44  0  0.44  0  0.44  0  0.44  0  0.44  0  0.44  0  0.44  0  0.44  0  0.44  0  0.44  0  0.44  0  0.44  0  0.44  0 //
39000 63.0  1.02  1.02  1.8  0.41  0.0  0.41  0  0.41  0  0.41  0  0.41  0  0.41  0  0.41  0  0.41  0  0.41  0  0.41  0  0.41  0  0.41  0  0.41  0  0.41  0  0.41  0  0.41  0  0.41  0 //
40000 63.0  1.02  1.02  1.8  0.38  0.0  0.38  0  0.38  0  0.38  0  0.38  0  0.38  0  0.38  0  0.38  0  0.38  0  0.38  0  0.38  0  0.38  0  0.38  0  0.38  0  0.38  0  0.38  0  0.38  0 //
41000 63.0  1.02  1.02  1.8  0.35  0.0  0.35  0  0.35  0  0.35  0  0.35  0  0.35  0  0.35  0  0.35  0  0.35  0  0.35  0  0.35  0  0.35  0  0.35  0  0.35  0  0.35  0  0.35  0  0.35  0 //
42000 63.0  1.02  1.02  1.8  0.32  0.0  0.32  0  0.32  0  0.32  0  0.32  0  0.32  0  0.32  0  0.32  0  0.32  0  0.32  0  0.32  0  0.32  0  0.32  0  0.32  0  0.32  0  0.32  0  0.32  0 //
43000 63.0  1.02  1.02  1.8  0.30  0.0  0.30  0  0.30  0  0.30  0  0.30  0  0.30  0  0.30  0  0.30  0  0.30  0  0.30  0  0.30  0  0.30  0  0.30  0  0.30  0  0.30  0  0.30  0  0.30  0 //
44000 63.0  1.02  1.02  1.8  0.27  0.0  0.27  0  0.27  0  0.27  0  0.27  0  0.27  0  0.27  0  0.27  0  0.27  0  0.27  0  0.27  0  0.27  0  0.27  0  0.27  0  0.27  0  0.27  0  0.27  0 //
45000 63.0  1.02  1.02  1.8  0.24  0.0  0.24  0  0.24  0  0.24  0  0.24  0  0.24  0  0.24  0  0.24  0  0.24  0  0.24  0  0.24  0  0.24  0  0.24  0  0.24  0  0.24  0  0.24  0  0.24  0 //
46000 63.0  1.02  1.02  1.8  0.21  0.0  0.21  0  0.21  0  0.21  0  0.21  0  0.21  0  0.21  0  0.21  0  0.21  0  0.21  0  0.21  0  0.21  0  0.21  0  0.21  0  0.21  0  0.21  0  0.21  0 //
47000 63.0  1.02  1.02  1.8  0.18  0.0  0.18  0  0.18  0  0.18  0  0.18  0  0.18  0  0.18  0  0.18  0  0.18  0  0.18  0  0.18  0  0.18  0  0.18  0  0.18  0  0.18  0  0.18  0  0.18  0 //
48000 63.0  1.02  1.02  1.8  0.16  0.0  0.16  0  0.16  0  0.16  0  0.16  0  0.16  0  0.16  0  0.16  0  0.16  0  0.16  0  0.16  0  0.16  0  0.16  0  0.16  0  0.16  0  0.16  0  0.16  0 //
49000 63.0  1.02  1.02  1.8  0.13  0.0  0.13  0  0.13  0  0.13  0  0.13  0  0.13  0  0.13  0  0.13  0  0.13  0  0.13  0  0.13  0  0.13  0  0.13  0  0.13  0  0.13  0  0.13  0  0.13  0 //
50000 63.0  1.02  1.02  1.8  0.10  0.0  0.10  0  0.10  0  0.10  0  0.10  0  0.10  0  0.10  0  0.10  0  0.10  0  0.10  0  0.10  0  0.10  0  0.10  0  0.10  0  0.10  0  0.10  0  0.10  0 //
51000 63.0  1.02  1.02  1.8  0.07  0.0  0.07  0  0.07  0  0.07  0  0.07  0  0.07  0  0.07  0  0.07  0  0.07  0  0.07  0  0.07  0  0.07  0  0.07  0  0.07  0  0.07  0  0.07  0  0.07  0 //
52000 63.0  1.02  1.02  1.8  0.04  0.0  0.04  0  0.04  0  0.04  0  0.04  0  0.04  0  0.04  0  0.04  0  0.04  0  0.04  0  0.04  0  0.04  0  0.04  0  0.04  0  0.04  0  0.04  0  0.04  0 //
53000 63.0  1.02  1.02  1.8  0.02  0.0  0.02  0  0.02  0  0.02  0  0.02  0  0.02  0  0.02  0  0.02  0  0.02  0  0.02  0  0.02  0  0.02  0  0.02  0  0.02  0  0.02  0  0.02  0  0.02  0 //
54000 63.0  1.02  1.02  1.8  0.01  0.0  0.01  0  0.01  0  0.01  0  0.01  0  0.01  0  0.01  0  0.01  0  0.01  0  0.01  0  0.01  0  0.01  0  0.01  0  0.01  0  0.01  0  0.01  0  0.01  0 //
55000 63.0  1.02  1.02  1.8  0.04  0.0  0.04  0  0.04  0  0.04  0  0.04  0  0.04  0  0.04  0  0.04  0  0.04  0  0.04  0  0.04  0  0.04  0  0.04  0  0.04  0  0.04  0  0.04  0  0.04  0 //
56000 63.0  1.02  1.02  1.8  0.07  0.0  0.07  0  0.07  0  0.07  0  0.07  0  0.07  0  0.07  0  0.07  0  0.07  0  0.07  0  0.07  0  0.07  0  0.07  0  0.07  0  0.07  0  0.07  0  0.07  0 //
57000 63.0  1.02  1.02  1.8  0.10  0.0  0.10  0  0.10  0  0.10  0  0.10  0  0.10  0  0.10  0  0.10  0  0.10  0  0.10  0  0.10  0  0.10  0  0.10  0  0.10  0  0.10  0  0.10  0  0.10  0 //
58000 63.0  1.02  1.02  1.8  0.12  0.0  0.12  0  0.12  0  0.12  0  0.12  0  0.12  0  0.12  0  0.12  0  0.12  0  0.12  0  0.12  0  0.12  0  0.12  0  0.12  0  0.12  0  0.12  0  0.12  0 //
59000 63.0  1.02  1.02  1.8  0.15  0.0  0.15  0  0.15  0  0.15  0  0.15  0  0.15  0  0.15  0  0.15  0  0.15  0  0.15  0  0.15  0  0.15  0  0.15  0  0.15  0  0.15  0  0.15  0  0.15  0 //
60000 63.0  1.02  1.02  1.8  0.18  0.0  0.18  0  0.18  0  0.18  0  0.18  0  0.18  0  0.18  0  0.18  0  0.18  0  0.18  0  0.18  0  0.18  0  0.18  0  0.18  0  0.18  0  0.18  0  0.18  0 //
61000 63.0  1.02  1.02  1.8  0.21  0.0  0.21  0  0.21  0  0.21  0  0.21  0  0.21  0  0.21  0  0.21  0  0.21  0  0.21  0  0.21  0  0.21  0  0.21  0  0.21  0  0.21  0  0.21  0  0.21  0 //
62000 63.0  1.02  1.02  1.8  0.24  0.0  0.24  0  0.24  0  0.24  0  0.24  0  0.24  0  0.24  0  0.24  0  0.24  0  0.24  0  0.24  0  0.24  0  0.24  0  0.24  0  0.24  0  0.24  0  0.24  0 //
63000 63.0  1.02  1.02  1.8  0.26  0.0  0.26  0  0.26  0  0.26  0  0.26  0  0.26  0  0.26  0  0.26  0  0.26  0  0.26  0  0.26  0  0.26  0  0.26  0  0.26  0  0.26  0  0.26  0  0.26  0 //
64000 63.0  1.02  1.02  1.8  0.29  0.0  0.29  0  0.29  0  0.29  0  0.29  0  0.29  0  0.29  0  0.29  0  0.29  0  0.29  0  0.29  0  0.29  0  0.29  0  0.29  0  0.29  0  0.29  0  0.29  0 //
65000 63.0  1.02  1.02  1.8  0.32  0.0  0.32  0  0.32  0  0.32  0  0.32  0  0.32  0  0.32  0  0.32  0  0.32  0  0.32  0  0.32  0  0.32  0  0.32  0  0.32  0  0.32  0  0.32  0  0.32  0 //
66000 63.0  1.02  1.02  1.8  0.35  0.0  0.35  0  0.35  0  0.35  0  0.35  0  0.35  0  0.35  0  0.35  0  0.35  0  0.35  0  0.35  0  0.35  0  0.35  0  0.35  0  0.35  0  0.35  0  0.35  0 //
67000 63.0  1.02  1.02  1.8  0.38  0.0  0.38  0  0.38  0  0.38  0  0.38  0  0.38  0  0.38  0  0.38  0  0.38  0  0.38  0  0.38  0  0.38  0  0.38  0  0.38  0  0.38  0  0.38  0  0.38  0 //
68000 63.0  1.02  1.02  1.8  0.40  0.0  0.40  0  0.40  0  0.40  0  0.40  0  0.40  0  0.40  0  0.40  0  0.40  0  0.40  0  0.40  0  0.40  0  0.40  0  0.40  0  0.40  0  0.40  0  0.40  0 //
69000 63.0  1.02  1.02  1.8  0.43  0.0  0.43  0  0.43  0  0.43  0  0.43  0  0.43  0  0.43  0  0.43  0  0.43  0  0.43  0  0.43  0  0.43  0  0.43  0  0.43  0  0.43  0  0.43  0  0.43  0 //
70000 63.0  1.02  1.02  1.8  0.46  0.0  0.46  0  0.46  0  0.46  0  0.46  0  0.46  0  0.46  0  0.46  0  0.46  0  0.46  0  0.46  0  0.46  0  0.46  0  0.46  0  0.46  0  0.46  0  0.46  0 //
